0,0000132000
0,0000038000
0,0000013000
0,0000011000
0,0000012000
0,0000012000
0,0000011000
0,0000038000
0,0000021000
0,0000016000
0,0000012000
0,0000015000
0,0000014000
0,0000012000
0,0000011000
0,0000028000
0,0000019000
0,0000027000
0,0000011000
0,0000012000
0,0000011000
0,0000012000
0,0000014000
0,0000011000
0,0000011000
0,0000014000
0,0000019000
0,0000015000
0,0000014000
0,0000013000
0,0000011000
0,0000011000
0,0000013000
0,0000016000
0,0000012000
0,0000011000
0,0000011000
0,0000011000
0,0000010000
0,0000011000
0,0000010000
0,0000011000
0,0000011000
0,0000030000
0,0000016000
0,0000011000
0,0000011000
0,0000011000
0,0000010000
0,0000011000
0,0000011000
0,0000021000
0,0000014000
0,0000020000
0,0000012000
0,0000018000
0,0000011000
0,0000013000
0,0000010000
0,0000010000
0,0000011000
0,0000012000
0,0000018000
0,0000017000
0,0000012000
0,0000012000
0,0000011000
0,0000013000
0,0000012000
0,0000011000
0,0000011000
0,0000011000
0,0000015000
0,0000013000
0,0000013000
0,0000012000
0,0000024000
0,0000014000
0,0000010000
0,0000011000
0,0000011000
0,0000019000
0,0000015000
0,0000020000
0,0000013000
0,0000012000
0,0000011000
0,0000013000
0,0000014000
0,0000011000
0,0000013000
0,0000010000
0,0000011000
0,0000019000
0,0000014000
0,0000017000
0,0000012000
0,0000012000
0,0000012000
0,0000011000
0.0000125000
0.0000018000
0.0000013000
0.0000011000
0.0000013000
0.0000011000
0.0000014000
0.0000019000
0.0000014000
0.0000014000
0.0000011000
0.0000012000
0.0000013000
0.0000011000
0.0000011000
0.0000010000
0.0000011000
0.0000010000
0.0000010000
0.0000010000
0.0000010000
0.0000010000
0.0000010000
0.0000010000
0.0000011000
0.0000010000
0.0000011000
0.0000011000
0.0000010000
0.0000010000
0.0000011000
0.0000010000
0.0000010000
0.0000010000
0.0000010000
0.0000009000
0.0000010000
0.0000011000
0.0000010000
0.0000011000
0.0000011000
0.0000010000
0.0000013000
0.0000010000
0.0000011000
0.0000011000
0.0000012000
0.0000011000
0.0000011000
0.0000010000
0.0000010000
0.0000011000
0.0000011000
0.0000010000
0.0000010000
0.0000010000
0.0000010000
0.0000012000
0.0000012000
0.0000010000
0.0000011000
0.0000012000
0.0000010000
0.0000011000
0.0000012000
0.0000011000
0.0000010000
0.0000012000
0.0000011000
0.0000011000
0.0000010000
0.0000010000
0.0000010000
0.0000010000
0.0000011000
0.0000011000
0.0000010000
0.0000011000
0.0000010000
0.0000010000
0.0000010000
0.0000009000
0.0000010000
0.0000011000
0.0000011000
0.0000010000
0.0000010000
0.0000012000
0.0000013000
0.0000011000
0.0000010000
0.0000015000
0.0000010000
0.0000012000
0.0000011000
0.0000012000
0.0000011000
0.0000010000
0.0000011000
0.0000010000
